density	Prop1	Prop2	Prop3
2.2610782	0.64	20.02766667	2245.56655
2.2936906	0.5776	20.05925898	2258.500392
2.3280196	0.5184	20.09085129	2271.815509
2.3546284	0.4624	20.12244359	2285.532619
2.362	0.4096	20.1540359	2299.674112
2.3933672	0.36	20.18562821	2314.26422
2.447768	0.3136	20.21722052	2329.329229
2.5080902	0.2704	20.24881283	2344.897707
2.275025	0.5776	19.52426667	2259.828141
2.2770712	0.5184	19.02086667	2274.554433
2.2623468	0.4096	18.01406667	2305.515568
2.2690386	0.36	17.51066667	2321.814188
2.2565456	0.3136	17.00726667	2338.705712
2.287342	0.2704	16.50386667	2356.230129
2.2903498	0.5776	20.59621	2259.825548
2.2845122	0.5184	21.16475333	2274.549075
2.3134422	0.4624	21.73329667	2289.765104
2.294113	0.4096	22.30184	2305.504103
2.3765802	0.36	22.87038333	2321.799343
2.4165252	0.3136	23.43892667	2338.68724
2.4986314	0.2704	24.00747	2356.207759
2.3381116	0.59734559	20.29937288	2250.285055
2.3878364	0.554768133	20.58044828	2255.21889
2.4210134	0.512354571	20.87138596	2260.383327
2.5044226	0.470204082	21.17271429	2265.795138
2.5754218	0.428429752	21.485	2271.472784
2.618859	0.387160494	21.80885185	2277.436632
2.6702044	0.346543254	22.14492453	2283.709214
2.3719254	0.59734559	21.10501695	2250.347503
2.5377544	0.554768133	22.21951724	2255.347346
2.63884	0.512354571	23.37312281	2260.581662
2.749301	0.470204082	24.56792857	2266.067568
2.9324918	0.428429752	25.80618182	2271.823909
3.0521654	0.387160494	27.0902963	2277.871487
3.1895766	0.346543254	28.42286792	2284.233326
1.9693222	0.540936524	20.05704963	2250.105767
2.2710978	0.455625	20.08459616	2254.403274
2.3633954	0.38214876	20.1104732	2258.477985
2.44	0.318892734	20.13482806	2262.34688
2.4710146	0.264489796	20.15779121	2266.025247
2.5397842	0.217777778	20.17947864	2269.52689
2.608971	0.177764792	20.19999377	2272.864305
2.5314824	0.540936524	22.05460774	2250.126143
2.7928438	0.455625	23.954865	2254.443131
3.0287254	0.38214876	25.73995515	2258.536486
3.2803976	0.318892734	27.42004	2262.423239
3.4669978	0.264489796	29.00412	2266.118727
3.6942024	0.217777778	30.50019556	2269.636797
3.8233958	0.177764792	31.91540216	2272.989986
2.6614424	0.540936524	23.66749903	2248.852328
3.0202452	0.455625	27.07984188	2251.954701
3.4050816	0.38214876	30.28537606	2254.888647
3.691164	0.318892734	33.30234941	2257.667555
4.005178	0.264489796	36.14692429	2260.303426
4.300403	0.217777778	38.83346722	2262.807052
4.5046994	0.177764792	41.37479162	2265.188164
2.7018696	0.540936524	23.70654839	2250.099945
3.0847404	0.455625	27.1555	2254.391886
3.4466562	0.38214876	30.39542424	2258.46127
3.7966818	0.318892734	33.44476471	2262.325062
4.1281932	0.264489796	36.31985714	2265.998538
4.4400642	0.217777778	39.03522222	2269.495489
4.70893	0.177764792	41.60381081	2272.828397
2.3524782	0.4096	21.22793795	2302.579882
2.3636464	0.4096	20.69098693	2301.124704
2.40240525	0.36	22.33343231	2320.282492
2.3949582	0.36	21.79648129	2318.770583
2.3991972	0.36	21.25953026	2317.263587
2.4089898	0.36	20.72257924	2315.761476
2.4358928	0.3136	22.90197564	2337.114492
2.4537946	0.3136	22.36502462	2335.547017
2.47773	0.3136	21.82807359	2333.984785
2.4551806	0.3136	21.29112257	2332.427763
2.4364956	0.3136	20.75417155	2330.875922
2.5209532	0.2704	23.47051898	2354.575292
2.4841742	0.2704	22.93356795	2352.948465
2.503791	0.2704	22.39661693	2351.327242
2.5037866	0.2704	21.8596659	2349.711589
2.4986004	0.2704	21.32271488	2348.101471
2.5044356	0.2704	20.78576386	2346.496855
2.3021482	0.5184	19.55585898	2273.182908
2.2965724	0.4624	19.05245898	2288.355444
2.3155172	0.4624	19.58745129	2286.941854
2.2842084	0.4096	18.54905898	2304.048244
2.341531	0.4096	19.08405129	2302.585578
2.3511836	0.4096	19.61904359	2301.127543
2.315053	0.36	18.58065129	2318.779432
2.3636064	0.36	19.11564359	2317.269467
2.3951382	0.36	19.6506359	2315.764406
2.3089532	0.3136	17.54225898	2337.129833
2.356723	0.3136	18.07725129	2335.559249
2.3901918	0.3136	18.61224359	2333.993928
2.3958848	0.3136	19.1472359	2332.433838
2.418336	0.3136	19.68222821	2330.878949
2.3152574	0.2704	17.03885898	2354.5944
2.372798	0.2704	17.57385129	2352.964333
2.3726082	0.2704	18.10884359	2351.339893
2.4176616	0.2704	18.6438359	2349.721044
2.419925	0.2704	19.17882821	2348.107753
2.4668556	0.2704	19.71382052	2346.499986
2.3449492	0.536121804	20.33150065	2263.581803
2.4129494	0.494839477	20.61312998	2268.899149
2.3512802	0.478207412	20.36362843	2277.280921
2.4650102	0.453850416	20.90464103	2274.46949
2.4294446	0.438335315	20.64581167	2283.004668
2.380276	0.423602413	20.3957562	2291.404874
2.5252044	0.413265306	21.20656319	2280.311591
2.4957006	0.398891967	20.93789609	2289.0058
2.4732284	0.385255648	20.67849337	2297.559851
2.4176744	0.372306808	20.42788397	2305.977978
2.586739	0.373209917	21.51946434	2286.446149
2.571343	0.36	21.24041209	2295.305314
2.5089638	0.347479224	20.97115115	2304.01883
2.4981192	0.335600476	20.71117507	2312.591174
2.4594356	0.324320598	20.46001174	2321.026616
2.6504916	0.33382716	21.84395442	2292.896045
2.6177948	0.321798347	21.55392867	2301.926418
2.5945008	0.310408163	21.27426099	2310.805316
2.552551	0.299612188	21.00440621	2319.537482
2.5322226	0.289369798	20.74385677	2328.127431
2.5288334	0.279643781	20.49213951	2336.579471
2.314451	0.5184	20.62780231	2273.180238
2.2883486	0.4624	21.19634564	2288.349921
2.3185214	0.4624	20.65939462	2286.939101
2.3541124	0.4096	21.76488898	2304.039673
2.3510506	0.485494277	20.08762283	2262.74494
2.3956136	0.40640625	20.11421395	2266.76069
2.4020786	0.433048907	20.11819603	2275.747265
2.4105464	0.338512397	20.13919348	2270.565742
2.4331676	0.36	20.14383174	2279.464391
2.4201304	0.383600416	20.14876924	2289.131965
2.4867644	0.280276817	20.16270363	2274.17633
2.479593	0.297520661	20.16791376	2282.984064
2.4805522	0.31640625	20.17344953	2292.532247
2.5506368	0.2304	20.18487034	2277.607053
2.5293262	0.244152249	20.19057919	2286.321667
2.5381782	0.259173554	20.19663404	2295.749587
2.4932848	0.275625	20.20306732	2305.983489
2.4678854	0.293694069	20.20991564	2317.133073
2.5958964	0.187777778	20.20580556	2280.871079
2.5890846	0.198661224	20.21194946	2289.491021
2.544049	0.210519031	20.21845476	2298.798407
2.558009	0.223471074	20.22535432	2308.880186
2.5259818	0.23765625	20.23268511	2319.838849
2.5062168	0.253236212	20.24048884	2331.796109
2.4223948	0.536121804	21.13714472	2263.646117
2.5569282	0.494839477	22.25219894	2269.03155
2.4639972	0.478207412	21.16927249	2277.347206
2.672746	0.453850416	23.40637787	2274.674084
2.5542496	0.438335315	22.28488064	2283.141237
2.4880388	0.423602413	21.20140027	2291.473239
2.7840412	0.413265306	24.60177747	2280.592863
2.7059218	0.398891967	23.43963293	2289.217017
2.608568	0.385255648	22.31756234	2297.700829
2.5208778	0.372306808	21.23352804	2306.048545
2.9346894	0.373209917	25.84064616	2286.809004
2.8300988	0.36	24.63562638	2295.595957
2.7469746	0.347479224	23.47288799	2304.237067
2.6669494	0.335600476	22.35024404	2312.736825
2.5412812	0.324320598	21.26565581	2321.099517
3.087018	0.33382716	27.12539886	2293.345867
2.9688286	0.321798347	25.87511049	2302.301728
2.8825826	0.310408163	24.66947528	2311.105909
2.7891618	0.299612188	23.50614306	2319.763169
2.6723042	0.289369798	22.38292574	2328.278041
2.5946328	0.279643781	21.29778358	2336.654847
2.8350654	0.540936524	24.58212903	2250.126716
3.4428512	0.455625	28.8519375	2254.444253
3.9292168	0.38214876	32.8629697	2258.538132
4.419741	0.318892734	36.63805882	2262.425388
4.8697202	0.264489796	40.19742857	2266.121358
5.2991582	0.217777778	43.55905556	2269.63989
5.7032836	0.177764792	46.73897297	2272.993524
2.7164428	0.540936524	24.08874194	2249.755893
3.1184564	0.455625	27.896	2253.719148
3.5634484	0.38214876	31.47251515	2257.474221
3.9551954	0.318892734	34.83864706	2261.037167
4.298712	0.264489796	38.01242857	2264.422426
4.6267348	0.217777778	41.00988889	2267.643018
4.9703506	0.177764792	43.84532432	2270.710719
2.3379	0.536121804	19.78744068	2264.947366
2.3814336	0.494839477	20.05968966	2270.304706
2.320529	0.478207412	19.27550847	2280.100162
2.4639896	0.453850416	20.34149123	2275.917411
2.3824802	0.438335315	19.53893103	2285.908986
2.338962	0.423602413	18.76357627	2295.773791
2.5152022	0.413265306	20.63335714	2281.80446
2.4481914	0.398891967	19.81159649	2292.000386
2.4112624	0.385255648	19.01817241	2302.064711
2.3261254	0.372306808	18.25164407	2312.001388
2.5787828	0.373209917	20.93583636	2287.986791
2.5166664	0.36	20.094	2298.395844
2.449117	0.347479224	19.28170175	2308.668182
2.4057586	0.335600476	18.49741379	2318.807982
2.3403514	0.324320598	17.73971186	2328.819226
2.6208782	0.33382716	21.24951852	2294.487556
2.5709096	0.321798347	20.38667273	2305.11911
2.5367392	0.310408163	19.55464286	2315.608526
2.4664414	0.299612188	18.75180702	2325.960224
2.4136872	0.289369798	17.97665517	2336.178414
2.3197328	0.279643781	17.22777966	2346.267107
2.3305654	0.536121804	20.87755254	2264.944699
2.4106328	0.494839477	21.16859655	2270.301961
2.3490272	0.478207412	21.4557322	2280.094647
2.4569732	0.453850416	21.46985263	2275.914582
2.3955772	0.438335315	21.75674483	2285.903304
2.3484116	0.423602413	22.03391186	2295.765229
2.5159076	0.413265306	21.78186786	2281.801544
2.4850716	0.398891967	22.0683193	2291.994527
2.4259102	0.385255648	22.3448931	2302.055882
2.4053718	0.372306808	22.61209153	2311.989564
2.5824222	0.373209917	22.10522909	2287.983781
2.5325734	0.36	22.39102143	2298.389796
2.4931222	0.347479224	22.66678596	2308.659068
2.457387	0.335600476	22.93304138	2318.795775
2.4381486	0.324320598	23.19027119	2328.8039
2.6453884	0.33382716	22.44056667	2294.484447
2.5847932	0.321798347	22.72545818	2305.112862
2.5565904	0.310408163	23.000175	2315.599109
2.5373076	0.299612188	23.26525263	2325.947611
2.5197554	0.289369798	23.52118966	2336.162576
2.5286464	0.279643781	23.76845085	2346.248017
2.5239504	0.485494277	22.08518094	2262.765895
2.8097918	0.40640625	23.98448279	2266.801651
2.5818764	0.433048907	22.11575415	2275.768828
3.062315	0.338512397	25.76867543	2270.625825
2.8385578	0.36	24.01410058	2279.506513
2.6229914	0.383600416	22.14632735	2289.15417
3.2714556	0.280276817	27.44791557	2274.254706
3.08124	0.297520661	25.79739571	2283.045808
2.8582548	0.31640625	24.04371837	2292.575591
2.628936	0.337148803	22.17690055	2302.942652
3.5058276	0.2304	29.03119912	2277.702946
3.3098762	0.244152249	27.47579113	2286.402159
3.0778364	0.259173554	25.826116	2295.813078
2.8832084	0.275625	24.07333616	2306.028119
2.6441628	0.293694069	22.20747375	2317.15667
3.662643	0.187777778	30.52652248	2280.983761
3.508419	0.198661224	29.05827824	2289.589443
3.302512	0.210519031	27.5036667	2298.881119
3.1109474	0.223471074	25.85483628	2308.945513
2.9235114	0.23765625	24.10295395	2319.884837
2.6925464	0.253236212	22.23804696	2331.820462
2.6524878	0.485494277	23.69807223	2261.455941
3.0415394	0.40640625	27.10945967	2264.244419
2.723423	0.433048907	23.72864544	2274.420846
3.4272088	0.338512397	30.31409634	2266.879632
3.083184	0.36	27.13907746	2276.876977
2.7248864	0.383600416	23.75921864	2287.766126
3.7180124	0.280276817	33.33022498	2269.373904
3.4249262	0.297520661	30.34281662	2279.196382
3.1193048	0.31640625	27.16869525	2289.869986
2.7778568	0.337148803	23.78979184	2301.51235
4.0266664	0.2304	36.17400341	2271.738268
3.7129882	0.244152249	33.35810055	2281.390186
3.4692952	0.259173554	30.3715369	2291.855183
3.172637	0.275625	27.19831304	2303.242391
2.8109948	0.293694069	23.82036505	2315.681737
4.2905286	0.187777778	38.85979415	2273.982633
4.0404258	0.198661224	36.20108253	2283.468336
3.7753432	0.210519031	33.38597611	2293.731491
3.490621	0.223471074	30.40025719	2304.873521
3.1745078	0.23765625	27.22793083	2317.014611
2.862434	0.253236212	23.85093825	2330.298327
2.8694358	0.485494277	24.61270223	2262.766484
3.4000308	0.40640625	28.88155529	2266.802804
2.8515184	0.433048907	24.64327544	2275.769435
3.9213538	0.338512397	32.89168998	2270.627516
3.4296668	0.36	28.91117308	2279.507699
2.909416	0.383600416	24.67384864	2289.154795
4.4013238	0.280276817	36.66593439	2274.256912
3.9392536	0.297520661	32.92041026	2283.047546
3.4225936	0.31640625	28.94079087	2292.576811
2.9264188	0.337148803	24.70442184	2302.943296
4.9096338	0.2304	40.22450769	2277.705645
4.444038	0.244152249	36.69380996	2286.404424
3.9719582	0.259173554	32.94913054	2295.814864
3.4743442	0.275625	28.97040866	2306.029375
2.9908596	0.293694069	24.73499505	2317.157334
5.3215076	0.187777778	43.58538248	2280.986932
4.8925936	0.198661224	40.25158682	2289.592213
4.4647486	0.210519031	36.72168552	2298.883447
3.9975602	0.223471074	32.97785082	2308.947352
3.5334392	0.23765625	29.00002645	2319.886131
3.0357228	0.253236212	24.76556825	2331.821148
2.700514	0.485494277	24.11931514	2262.385132
3.1375462	0.40640625	27.92561779	2266.057618
2.7348976	0.433048907	24.14988834	2275.377002
3.5816544	0.338512397	31.50123543	2269.534852
3.1679608	0.36	27.95523558	2278.741409
2.7862092	0.383600416	24.18046154	2288.750689
3.9582134	0.280276817	34.86652263	2272.832057
3.615316	0.297520661	31.52995571	2281.924699
3.2208846	0.31640625	27.98485337	2291.788316
2.813126	0.337148803	24.21103475	2302.526877
4.3259356	0.2304	38.03950769	2275.96291
4.0084548	0.244152249	34.89439819	2284.941157
3.6573278	0.259173554	31.558676	2294.6603
3.2493824	0.275625	28.01447116	2305.21749
2.8800712	0.293694069	24.24160795	2316.727909
4.6707526	0.187777778	41.03621581	2278.939732
4.3709314	0.198661224	38.06658682	2287.803599
4.0560968	0.210519031	34.92227376	2297.379862
3.703504	0.223471074	31.58739628	2307.75942
3.318801	0.23765625	28.04408895	2319.049576
2.9211974	0.253236212	24.27218115	2331.377967
2.6952356	0.485494277	23.73712159	2262.738953
3.064729	0.40640625	27.18511779	2266.748985
2.7190222	0.433048907	23.76769479	2275.741103
3.4589704	0.338512397	30.42414452	2270.548574
3.113385	0.36	27.21473558	2279.452355
2.7640968	0.383600416	23.79826799	2289.12562
3.8208742	0.280276817	33.47264027	2274.153936
3.4939326	0.297520661	30.4528648	2282.966421
3.1428292	0.31640625	27.24435337	2292.519862
2.8168366	0.337148803	23.8288412	2302.913232
4.1440754	0.2304	36.34693627	2277.579654
3.8471602	0.244152249	33.50051584	2286.298668
3.531956	0.259173554	30.48158509	2295.731446
3.19241	0.275625	27.27397116	2305.970736
2.8279938	0.293694069	23.8594144	2317.126331
4.443609	0.187777778	39.06154915	2280.838885
4.1722654	0.198661224	36.37401539	2289.462901
3.8847126	0.210519031	33.52839141	2298.774774
3.5692954	0.223471074	30.51030537	2308.86152
3.2470324	0.23765625	27.30358895	2319.825709
2.8622794	0.253236212	23.8899876	2331.789151
2.315263	0.485494277	19.56988834	2264.04193
2.4174454	0.40640625	19.61265866	2268.028293
2.342166	0.433048907	19.08272705	2278.420647
2.2212902	0.338512397	19.65283683	2271.805244
2.3757464	0.36	19.14072116	2282.075259
2.346439	0.383600416	18.59556576	2293.267874
2.5042904	0.280276817	19.69065159	2275.388933
2.479111	0.297520661	19.19520047	2285.535243
2.404707	0.31640625	18.66878366	2296.568289
2.3574918	0.337148803	18.10840447	2308.611827
2.5534026	0.2304	19.7263055	2278.793886
2.4780404	0.244152249	19.24647512	2288.815799
2.4602126	0.259173554	18.73756411	2299.690433
2.4215802	0.275625	18.19684616	2311.533549
2.3332152	0.293694069	17.62124318	2324.483242
2.5838834	0.187777778	19.75997864	2282.033203
2.5503304	0.198661224	19.29481979	2291.930578
2.5243396	0.210519031	18.80229865	2302.64841
2.4559968	0.223471074	18.27992774	2314.29512
2.4252172	0.23765625	17.72490866	2326.999475
2.3468638	0.253236212	17.13408189	2340.915683
2.5251228	0.485494277	21.56744645	2264.062945
2.7923012	0.40640625	23.4829275	2268.069369
2.5192734	0.433048907	21.08028516	2278.442337
3.0378162	0.338512397	25.28231879	2271.865491
2.8252938	0.36	23.01099	2282.117623
2.5370982	0.383600416	20.59312387	2293.29028
3.2522958	0.280276817	26.97586353	2275.467519
3.09352	0.297520661	24.82468242	2285.597333
2.8373518	0.31640625	22.5390525	2296.612016
2.5676232	0.337148803	20.10596258	2308.634993
3.4816616	0.2304	28.57263429	2278.89003
3.3054428	0.244152249	26.53168706	2288.896731
3.0898342	0.259173554	24.36704606	2299.754471
2.8458296	0.275625	22.067115	2311.578719
2.5959718	0.293694069	19.61880129	2324.507215
3.699214	0.187777778	30.08069556	2282.146172
3.4968786	0.198661224	28.14114857	2292.029525
3.3189776	0.210519031	26.08751059	2302.731818
3.0868468	0.223471074	23.9094097	2314.361217
2.858268	0.23765625	21.5951775	2327.046176
2.5778988	0.253236212	19.13164	2340.940516
2.6677694	0.485494277	23.18033774	2262.749236
3.0904042	0.40640625	26.60790438	2265.504994
2.6686938	0.433048907	22.69317645	2277.086428
3.4101362	0.338512397	29.8277397	2268.109095
3.0769844	0.36	26.13596688	2279.473027
2.6852078	0.383600416	22.20601516	2291.889666
3.7276212	0.280276817	32.85817294	2270.573745
3.456262	0.297520661	29.37010333	2281.726422
3.1233966	0.31640625	25.66402938	2293.882566
2.7213208	0.337148803	21.71885387	2307.186948
4.0512014	0.2304	35.71543857	2272.909874
3.7767672	0.244152249	32.41399647	2283.857477
3.4708132	0.259173554	28.91246697	2295.762603
3.1322618	0.275625	25.19209188	2308.759385
2.7448228	0.293694069	21.23169258	2323.00877
4.3263704	0.187777778	38.41396722	2275.127297
4.1029526	0.198661224	35.28395286	2285.875906
3.7834466	0.210519031	31.96982	2297.53911
3.5077552	0.223471074	28.45483061	2310.241416
3.1560224	0.23765625	24.72015438	2324.131486
2.7507136	0.253236212	20.74453129	2339.38842
2.8067042	0.485494277	24.09496774	2264.063536
3.4240692	0.40640625	28.38	2268.070525
2.847055	0.433048907	23.60780645	2278.442947
3.9288552	0.338512397	32.40533333	2271.867187
3.4203732	0.36	27.9080625	2282.118815
2.847872	0.383600416	23.12064516	2293.290911
4.4635508	0.280276817	36.19388235	2275.46973
3.963612	0.297520661	31.94769697	2285.599081
3.4659836	0.31640625	27.436125	2296.613247
2.8958785	0.337148803	22.63348387	2308.635644
4.933379	0.2304	39.76594286	2278.892736
4.4772834	0.244152249	35.74970588	2288.899009
4.0064008	0.259173554	31.49006061	2299.756273
3.4947522	0.275625	26.9641875	2311.57999
2.9380994	0.293694069	22.14632258	2324.50789
5.328153	0.187777778	43.13955556	2282.149352
4.9679824	0.198661224	39.33445714	2292.03231
4.5292574	0.210519031	35.30552941	2302.734165
4.0142762	0.223471074	31.03242424	2314.363077
3.5299046	0.23765625	26.49225	2327.04749
2.9271194	0.253236212	21.65916129	2340.941214
2.4278062	0.5184	21.21995	2245.50872
2.5799068	0.4624	22.2122	2245.510183
2.4996458	0.4624	21.41998333	2245.449434
2.6840996	0.4096	23.20445	2245.511646
2.6608238	0.4096	22.41223333	2245.450897
2.57131	0.4096	21.62001667	2245.390155
2.835594	0.36	24.1967	2245.51311
2.7730518	0.36	23.40448333	2245.45236
2.7028712	0.36	22.61226667	2245.391618
2.6327472	0.36	21.82005	2245.330885
2.9732148	0.3136	25.18895	2245.514573
2.9176034	0.3136	24.39673333	2245.453823
2.8880456	0.3136	23.60451667	2245.393081
2.7640982	0.3136	22.8123	2245.332348
2.667173	0.3136	22.02008333	2245.271622
3.1317494	0.2704	26.1812	2245.516037
3.0520982	0.2704	25.38898333	2245.455287
2.981258	0.2704	24.59676667	2245.394545
2.8861898	0.2704	23.80455	2245.333811
2.8332568	0.2704	23.01233333	2245.273085
2.756063	0.2704	22.22011667	2245.212368
2.284516	0.5184	20.09281	2274.551754
2.302316	0.4624	20.66135333	2289.767874
2.3029382	0.4624	19.58941	2289.770643
2.3196636	0.4096	21.22989667	2305.506969
2.326148	0.4096	20.15795333	2305.509835
2.3218938	0.4096	19.08601	2305.512702
2.3937264	0.36	21.79844	2321.802312
2.3541374	0.36	20.72649667	2321.805281
2.3447374	0.36	19.65455333	2321.80825
2.3059394	0.36	18.58261	2321.811219
2.4197186	0.3136	22.36698333	2338.690319
2.4047288	0.3136	21.29504	2338.693397
2.3812402	0.3136	20.22309667	2338.696476
2.351891	0.3136	19.15115333	2338.699555
2.2817452	0.3136	18.07921	2338.702633
2.4685672	0.2704	22.93552667	2356.210955
2.44504	0.2704	21.86358333	2356.214151
2.4132986	0.2704	20.79164	2356.217346
2.4137322	0.2704	19.71969667	2356.220542
2.3600942	0.2704	18.64775333	2356.223738
2.3213048	0.2704	17.57581	2356.226933
3.243315	0.455625	28.37396875	2254.081555
3.681474	0.38214876	31.936	2257.82858
3.834226	0.38214876	32.39948485	2258.183217
4.074528	0.318892734	35.2885	2261.383823
4.189906	0.318892734	35.73835294	2261.730745
4.280767	0.318892734	36.18820588	2262.077933
4.405411	0.264489796	38.44942857	2264.761703
4.5316	0.264489796	38.88642857	2265.101234
4.647778	0.264489796	39.32342857	2265.44102
4.736473	0.264489796	39.76042857	2265.781061
4.758529	0.217777778	41.43475	2267.97522
4.870929	0.217777778	41.85961111	2268.307666
4.954688	0.217777778	42.28447222	2268.640356
5.050262	0.217777778	42.70933333	2268.973289
5.210858	0.217777778	43.13419444	2269.306468
5.031435	0.177764792	44.2587027	2271.036133
5.139645	0.177764792	44.67208108	2271.36178
5.270542	0.177764792	45.08545946	2271.68766
5.336147	0.177764792	45.49883784	2272.013774
5.474003	0.177764792	45.91221622	2272.340123
5.611419	0.177764792	46.32559459	2272.666706
